34 1
62 1
107 1
163 1
168 1
293 1
317 1
435 1
489 1
629 1
696 1
967 1
994 1
1075 1
1197 1
1210 1
1276 1
1363 1
1429 1
1670 1
1684 1
2013 1
2095 1
2187 1
2832 1
3113 1
3330 1
3423 1
3425 1
3621 1
3669 1
3721 1
3883 1
193 2
227 2
456 2
517 2
562 2
585 2
618 2
660 2
673 2
814 2
833 2
855 2
951 2
1018 2
1026 2
1069 2
1178 2
1187 2
1195 2
1421 2
1474 2
1482 2
1494 2
1576 2
1645 2
1669 2
1854 2
2004 2
2061 2
2076 2
2312 2
2422 2
2429 2
2437 2
2527 2
2669 2
2718 2
2768 2
3008 2
3037 2
3111 2
3115 2
3116 2
3309 2
3358 2
3444 2
3525 2
3647 2
3679 2
3681 2
3803 2
25 3
51 3
79 3
88 3
91 3
97 3
128 3
160 3
233 3
251 3
263 3
291 3
300 3
338 3
380 3
388 3
396 3
401 3
421 3
469 3
483 3
541 3
554 3
556 3
616 3
623 3
641 3
678 3
680 3
682 3
684 3
712 3
742 3
754 3
756 3
765 3
813 3
863 3
866 3
869 3
876 3
883 3
898 3
911 3
915 3
962 3
971 3
972 3
985 3
999 3
1024 3
1065 3
1072 3
1087 3
1092 3
1104 3
1127 3
1139 3
1186 3
1214 3
1230 3
1302 3
1311 3
1321 3
1326 3
1345 3
1376 3
1382 3
1385 3
1406 3
1426 3
1431 3
1463 3
1466 3
1544 3
1545 3
1546 3
1549 3
1563 3
1674 3
1696 3
1706 3
1757 3
1798 3
1813 3
1814 3
1829 3
1834 3
1836 3
1840 3
1898 3
1903 3
1908 3
1959 3
1995 3
2006 3
2010 3
2051 3
2067 3
2099 3
2120 3
2128 3
2182 3
2188 3
2203 3
2204 3
2217 3
2226 3
2247 3
2255 3
2259 3
2363 3
2396 3
2411 3
2417 3
2420 3
2455 3
2492 3
2511 3
2539 3
2549 3
2578 3
2607 3
2630 3
2738 3
2765 3
2785 3
2791 3
2792 3
2800 3
2817 3
2824 3
2835 3
2872 3
2881 3
2921 3
2933 3
2959 3
3011 3
3018 3
3021 3
3023 3
3027 3
3030 3
3051 3
3138 3
3160 3
3163 3
3170 3
3233 3
3238 3
3241 3
3253 3
3271 3
3302 3
3437 3
3532 3
3544 3
3555 3
3602 3
3610 3
3617 3
3629 3
3639 3
3648 3
3649 3
3683 3
3695 3
3702 3
3711 3
3747 3
3752 3
3765 3
3771 3
3774 3
3782 3
3784 3
3789 3
3798 3
3851 3
21 4
40 4
119 4
188 4
224 4
227 4
229 4
243 4
261 4
280 4
298 4
325 4
336 4
341 4
347 4
386 4
390 4
444 4
452 4
462 4
472 4
496 4
547 4
550 4
575 4
586 4
630 4
643 4
653 4
663 4
716 4
723 4
736 4
756 4
773 4
804 4
820 4
834 4
838 4
856 4
861 4
907 4
941 4
952 4
1011 4
1021 4
1045 4
1082 4
1096 4
1108 4
1142 4
1156 4
1166 4
1175 4
1177 4
1200 4
1205 4
1215 4
1226 4
1244 4
1265 4
1341 4
1357 4
1376 4
1409 4
1414 4
1415 4
1456 4
1486 4
1519 4
1582 4
1604 4
1611 4
1640 4
1665 4
1728 4
1772 4
1781 4
1784 4
1787 4
1794 4
1796 4
1817 4
1819 4
1874 4
1888 4
1927 4
1969 4
2003 4
2089 4
2105 4
2116 4
2130 4
2131 4
2199 4
2212 4
2214 4
2230 4
2231 4
2233 4
2240 4
2334 4
2336 4
2345 4
2348 4
2349 4
2417 4
2419 4
2422 4
2425 4
2428 4
2464 4
2477 4
2497 4
2535 4
2558 4
2559 4
2610 4
2620 4
2655 4
2657 4
2659 4
2664 4
2684 4
2702 4
2735 4
2740 4
2751 4
2780 4
2834 4
2842 4
2901 4
2914 4
2928 4
2931 4
2981 4
2989 4
3004 4
3085 4
3103 4
3117 4
3181 4
3192 4
3204 4
3206 4
3276 4
3285 4
3297 4
3311 4
3323 4
3348 4
3350 4
3362 4
3365 4
3380 4
3417 4
3494 4
3506 4
3541 4
3542 4
3559 4
3562 4
3592 4
3594 4
3611 4
3645 4
3695 4
3716 4
3724 4
3802 4
3803 4
3807 4
3808 4
3834 4
3862 4
3870 4
17 5
30 5
35 5
79 5
85 5
94 5
96 5
139 5
221 5
231 5
254 5
273 5
276 5
300 5
318 5
387 5
470 5
532 5
566 5
640 5
711 5
723 5
778 5
807 5
815 5
817 5
825 5
875 5
924 5
947 5
950 5
1032 5
1104 5
1107 5
1255 5
1291 5
1300 5
1352 5
1508 5
1519 5
1645 5
1665 5
1708 5
1726 5
1773 5
1811 5
1900 5
1995 5
2017 5
2036 5
2067 5
2098 5
2099 5
2136 5
2159 5
2162 5
2210 5
2278 5
2345 5
2400 5
2401 5
2463 5
2526 5
2531 5
2537 5
2546 5
2567 5
2702 5
2703 5
2745 5
2796 5
2810 5
2827 5
2837 5
2843 5
2867 5
2870 5
2872 5
2924 5
2995 5
3021 5
3022 5
3092 5
3154 5
3354 5
3424 5
3544 5
3560 5
3563 5
3692 5
3826 5
3836 5
3874 5
3885 5
8 6
9 6
19 6
22 6
23 6
26 6
58 6
60 6
74 6
99 6
124 6
135 6
175 6
189 6
193 6
195 6
225 6
248 6
249 6
259 6
269 6
282 6
311 6
331 6
345 6
400 6
449 6
499 6
500 6
529 6
531 6
537 6
552 6
614 6
618 6
665 6
668 6
671 6
692 6
721 6
745 6
763 6
789 6
792 6
804 6
806 6
864 6
892 6
897 6
903 6
909 6
939 6
961 6
987 6
997 6
1005 6
1030 6
1056 6
1100 6
1162 6
1163 6
1190 6
1207 6
1217 6
1224 6
1227 6
1294 6
1318 6
1319 6
1332 6
1338 6
1350 6
1370 6
1377 6
1389 6
1439 6
1466 6
1493 6
1503 6
1520 6
1522 6
1529 6
1536 6
1561 6
1562 6
1574 6
1589 6
1590 6
1593 6
1620 6
1633 6
1703 6
1721 6
1771 6
1785 6
1793 6
1862 6
1866 6
1868 6
1876 6
1886 6
1906 6
1953 6
1957 6
1958 6
2028 6
2029 6
2043 6
2052 6
2064 6
2071 6
2078 6
2079 6
2091 6
2092 6
2096 6
2103 6
2147 6
2156 6
2181 6
2209 6
2222 6
2275 6
2282 6
2292 6
2322 6
2333 6
2355 6
2434 6
2467 6
2471 6
2472 6
2478 6
2504 6
2542 6
2544 6
2561 6
2652 6
2677 6
2698 6
2725 6
2777 6
2836 6
2839 6
2840 6
2851 6
2958 6
2963 6
2971 6
2991 6
3003 6
3061 6
3086 6
3090 6
3093 6
3119 6
3141 6
3193 6
3228 6
3232 6
3247 6
3250 6
3263 6
3266 6
3269 6
3310 6
3382 6
3386 6
3400 6
3416 6
3418 6
3426 6
3443 6
3478 6
3497 6
3514 6
3535 6
3550 6
3583 6
3588 6
3667 6
3690 6
3729 6
3770 6
3778 6
3787 6
3820 6
3834 6
3837 6
3841 6
3843 6
3854 6
3857 6
3889 6
2 7
48 7
69 7
81 7
101 7
120 7
170 7
176 7
186 7
190 7
215 7
216 7
234 7
277 7
322 7
351 7
354 7
361 7
376 7
394 7
420 7
427 7
454 7
460 7
479 7
480 7
491 7
518 7
519 7
528 7
596 7
647 7
648 7
659 7
661 7
688 7
700 7
724 7
790 7
792 7
850 7
861 7
875 7
919 7
940 7
975 7
1031 7
1044 7
1062 7
1111 7
1115 7
1119 7
1148 7
1219 7
1238 7
1251 7
1253 7
1306 7
1312 7
1325 7
1357 7
1358 7
1390 7
1428 7
1433 7
1440 7
1454 7
1539 7
1551 7
1599 7
1604 7
1648 7
1697 7
1719 7
1748 7
1783 7
1790 7
1797 7
1848 7
1852 7
1864 7
1865 7
1882 7
1902 7
1940 7
1968 7
1991 7
1993 7
1997 7
2000 7
2030 7
2040 7
2054 7
2070 7
2076 7
2122 7
2183 7
2229 7
2237 7
2245 7
2266 7
2281 7
2295 7
2310 7
2375 7
2376 7
2474 7
2505 7
2512 7
2531 7
2544 7
2566 7
2600 7
2610 7
2623 7
2642 7
2661 7
2718 7
2724 7
2730 7
2736 7
2749 7
2775 7
2838 7
2852 7
2855 7
2871 7
2909 7
2922 7
2930 7
2947 7
2970 7
2979 7
3024 7
3064 7
3070 7
3207 7
3217 7
3219 7
3229 7
3249 7
3374 7
3387 7
3412 7
3445 7
3491 7
3494 7
3544 7
3571 7
3577 7
3614 7
3622 7
3686 7
3688 7
3696 7
3697 7
3698 7
3703 7
3704 7
3723 7
3764 7
3777 7
3821 7
3822 7
3838 7
3884 7
20 8
40 8
76 8
82 8
110 8
119 8
144 8
200 8
227 8
239 8
243 8
261 8
298 8
336 8
338 8
386 8
389 8
444 8
452 8
468 8
496 8
586 8
604 8
630 8
664 8
676 8
678 8
756 8
766 8
802 8
804 8
914 8
941 8
951 8
952 8
970 8
1007 8
1014 8
1021 8
1042 8
1045 8
1090 8
1124 8
1139 8
1144 8
1151 8
1166 8
1178 8
1200 8
1206 8
1229 8
1256 8
1265 8
1280 8
1341 8
1376 8
1409 8
1414 8
1415 8
1422 8
1453 8
1456 8
1495 8
1519 8
1526 8
1565 8
1640 8
1649 8
1651 8
1692 8
1728 8
1779 8
1794 8
1796 8
1805 8
1819 8
1821 8
1874 8
1880 8
1888 8
1919 8
1964 8
1972 8
2003 8
2007 8
2045 8
2059 8
2065 8
2089 8
2130 8
2131 8
2176 8
2212 8
2214 8
2226 8
2230 8
2231 8
2233 8
2280 8
2334 8
2336 8
2345 8
2349 8
2391 8
2417 8
2419 8
2422 8
2425 8
2432 8
2444 8
2456 8
2464 8
2497 8
2515 8
2529 8
2535 8
2558 8
2559 8
2572 8
2620 8
2628 8
2648 8
2655 8
2659 8
2664 8
2702 8
2735 8
2740 8
2751 8
2771 8
2780 8
2862 8
2972 8
2989 8
3092 8
3097 8
3103 8
3143 8
3156 8
3168 8
3181 8
3185 8
3192 8
3204 8
3206 8
3209 8
3211 8
3297 8
3311 8
3348 8
3362 8
3404 8
3410 8
3417 8
3490 8
3494 8
3506 8
3562 8
3584 8
3600 8
3607 8
3645 8
3695 8
3715 8
3724 8
3750 8
3751 8
3781 8
3790 8
3801 8
3802 8
3807 8
3808 8
3811 8
3833 8
3834 8
3854 8
3870 8
45 9
52 9
97 9
111 9
190 9
221 9
238 9
243 9
244 9
286 9
309 9
314 9
327 9
356 9
375 9
384 9
394 9
451 9
460 9
479 9
482 9
544 9
551 9
641 9
648 9
651 9
667 9
742 9
749 9
800 9
833 9
841 9
863 9
881 9
920 9
953 9
956 9
960 9
973 9
986 9
995 9
1036 9
1052 9
1093 9
1109 9
1123 9
1144 9
1198 9
1219 9
1234 9
1238 9
1239 9
1256 9
1275 9
1287 9
1322 9
1340 9
1387 9
1413 9
1418 9
1459 9
1468 9
1481 9
1484 9
1490 9
1494 9
1498 9
1502 9
1504 9
1527 9
1588 9
1595 9
1611 9
1624 9
1627 9
1634 9
1647 9
1669 9
1679 9
1697 9
1795 9
1810 9
1816 9
1853 9
1883 9
1923 9
1933 9
1937 9
1953 9
1954 9
1965 9
1967 9
2004 9
2047 9
2060 9
2068 9
2097 9
2137 9
2170 9
2203 9
2219 9
2220 9
2229 9
2231 9
2270 9
2277 9
2301 9
2303 9
2304 9
2312 9
2318 9
2321 9
2407 9
2446 9
2466 9
2475 9
2489 9
2497 9
2547 9
2586 9
2588 9
2608 9
2610 9
2617 9
2621 9
2633 9
2642 9
2660 9
2664 9
2666 9
2693 9
2701 9
2738 9
2757 9
2825 9
2834 9
2875 9
2882 9
2900 9
2979 9
3012 9
3035 9
3070 9
3121 9
3125 9
3143 9
3159 9
3167 9
3174 9
3177 9
3179 9
3203 9
3229 9
3252 9
3255 9
3356 9
3380 9
3387 9
3389 9
3436 9
3467 9
3501 9
3505 9
3523 9
3541 9
3555 9
3571 9
3576 9
3577 9
3624 9
3641 9
3657 9
3670 9
3697 9
3772 9
3796 9
3815 9
3818 9
3834 9
3862 9
3869 9
3879 9
36 10
63 10
90 10
91 10
120 10
129 10
186 10
188 10
190 10
204 10
210 10
284 10
293 10
297 10
302 10
316 10
433 10
437 10
450 10
460 10
501 10
511 10
521 10
546 10
568 10
592 10
603 10
625 10
659 10
674 10
676 10
706 10
730 10
757 10
769 10
790 10
798 10
841 10
856 10
859 10
872 10
906 10
907 10
941 10
1003 10
1010 10
1012 10
1031 10
1037 10
1039 10
1062 10
1101 10
1102 10
1125 10
1134 10
1150 10
1167 10
1169 10
1194 10
1201 10
1255 10
1261 10
1315 10
1328 10
1367 10
1391 10
1424 10
1425 10
1430 10
1431 10
1441 10
1452 10
1490 10
1495 10
1531 10
1567 10
1576 10
1580 10
1612 10
1658 10
1677 10
1717 10
1733 10
1750 10
1782 10
1792 10
1904 10
1907 10
1952 10
1985 10
1989 10
1992 10
1997 10
2003 10
2005 10
2012 10
2015 10
2045 10
2067 10
2069 10
2075 10
2086 10
2124 10
2152 10
2160 10
2175 10
2179 10
2219 10
2264 10
2303 10
2304 10
2312 10
2335 10
2346 10
2356 10
2389 10
2390 10
2402 10
2405 10
2409 10
2418 10
2457 10
2476 10
2500 10
2514 10
2528 10
2538 10
2552 10
2559 10
2568 10
2594 10
2611 10
2646 10
2678 10
2773 10
2794 10
2812 10
2858 10
2880 10
2886 10
2979 10
2995 10
3073 10
3087 10
3088 10
3091 10
3124 10
3146 10
3178 10
3198 10
3273 10
3274 10
3278 10
3279 10
3286 10
3293 10
3331 10
3346 10
3347 10
3367 10
3368 10
3381 10
3399 10
3407 10
3500 10
3506 10
3511 10
3614 10
3616 10
3618 10
3623 10
3640 10
3663 10
3664 10
3674 10
3679 10
3682 10
3695 10
3706 10
3727 10
3731 10
3732 10
3736 10
3763 10
3838 10
3850 10
3856 10
3878 10
0 11
10 11
25 11
32 11
77 11
79 11
108 11
109 11
121 11
154 11
166 11
178 11
209 11
213 11
229 11
230 11
232 11
245 11
278 11
283 11
299 11
308 11
327 11
335 11
340 11
352 11
360 11
393 11
405 11
424 11
429 11
430 11
447 11
467 11
494 11
497 11
505 11
553 11
555 11
558 11
563 11
573 11
594 11
605 11
611 11
675 11
736 11
755 11
764 11
770 11
793 11
823 11
835 11
837 11
847 11
867 11
879 11
950 11
963 11
984 11
994 11
1006 11
1050 11
1083 11
1107 11
1176 11
1213 11
1214 11
1262 11
1270 11
1295 11
1301 11
1356 11
1377 11
1446 11
1455 11
1477 11
1491 11
1528 11
1540 11
1575 11
1578 11
1621 11
1622 11
1637 11
1680 11
1702 11
1704 11
1705 11
1775 11
1789 11
1800 11
1874 11
1885 11
1932 11
1982 11
1997 11
2028 11
2031 11
2058 11
2110 11
2117 11
2121 11
2139 11
2188 11
2235 11
2257 11
2260 11
2283 11
2304 11
2316 11
2354 11
2367 11
2368 11
2371 11
2372 11
2378 11
2392 11
2394 11
2406 11
2410 11
2439 11
2461 11
2468 11
2480 11
2503 11
2555 11
2565 11
2567 11
2574 11
2696 11
2730 11
2760 11
2828 11
2846 11
2907 11
2917 11
2965 11
2976 11
2994 11
3101 11
3136 11
3143 11
3150 11
3158 11
3191 11
3263 11
3317 11
3323 11
3331 11
3344 11
3411 11
3449 11
3453 11
3461 11
3489 11
3499 11
3528 11
3646 11
3656 11
3658 11
3671 11
3693 11
3738 11
3752 11
3795 11
3814 11
3821 11
3855 11
3866 11
56 12
170 12
312 12
591 12
621 12
635 12
643 12
686 12
747 12
822 12
1247 12
1350 12
1556 12
1612 12
2044 12
2094 12
2214 12
2218 12
2253 12
2331 12
2399 12
2747 12
2793 12
2889 12
3080 12
3283 12
3561 12
3587 12
3675 12
3684 12
3730 12
67 13
146 13
150 13
242 13
287 13
288 13
290 13
291 13
305 13
364 13
374 13
470 13
485 13
486 13
498 13
505 13
521 13
539 13
556 13
559 13
563 13
572 13
573 13
587 13
597 13
617 13
620 13
632 13
657 13
658 13
736 13
742 13
790 13
898 13
949 13
968 13
971 13
982 13
998 13
1009 13
1036 13
1064 13
1068 13
1123 13
1128 13
1143 13
1190 13
1231 13
1270 13
1273 13
1298 13
1309 13
1326 13
1335 13
1337 13
1349 13
1382 13
1392 13
1410 13
1425 13
1437 13
1483 13
1491 13
1499 13
1504 13
1511 13
1514 13
1554 13
1563 13
1576 13
1584 13
1589 13
1597 13
1603 13
1610 13
1615 13
1623 13
1625 13
1675 13
1731 13
1744 13
1819 13
1873 13
1948 13
1997 13
1999 13
2019 13
2026 13
2077 13
2089 13
2125 13
2133 13
2201 13
2274 13
2283 13
2284 13
2302 13
2321 13
2326 13
2327 13
2356 13
2382 13
2417 13
2433 13
2454 13
2479 13
2496 13
2497 13
2505 13
2548 13
2568 13
2572 13
2595 13
2607 13
2613 13
2615 13
2726 13
2731 13
2737 13
2767 13
2771 13
2784 13
2824 13
2828 13
2834 13
2836 13
2838 13
2860 13
2872 13
2879 13
2880 13
2891 13
2919 13
2924 13
2925 13
2932 13
2946 13
2952 13
2954 13
2955 13
2995 13
2996 13
3008 13
3016 13
3022 13
3036 13
3059 13
3068 13
3098 13
3105 13
3177 13
3190 13
3233 13
3244 13
3304 13
3324 13
3374 13
3378 13
3384 13
3394 13
3405 13
3417 13
3450 13
3452 13
3469 13
3509 13
3511 13
3520 13
3534 13
3545 13
3552 13
3584 13
3598 13
3621 13
3651 13
3660 13
3680 13
3692 13
3694 13
3743 13
3807 13
3808 13
3809 13
3810 13
3823 13
3842 13
3843 13
3845 13
3887 13
18 14
89 14
102 14
117 14
126 14
161 14
162 14
172 14
176 14
216 14
255 14
256 14
296 14
316 14
366 14
370 14
394 14
398 14
403 14
454 14
478 14
479 14
503 14
520 14
542 14
549 14
574 14
580 14
600 14
617 14
633 14
639 14
688 14
697 14
751 14
790 14
827 14
863 14
874 14
891 14
895 14
928 14
960 14
975 14
995 14
1030 14
1044 14
1111 14
1115 14
1123 14
1136 14
1148 14
1150 14
1165 14
1179 14
1219 14
1234 14
1278 14
1286 14
1288 14
1306 14
1348 14
1416 14
1418 14
1419 14
1454 14
1490 14
1599 14
1627 14
1705 14
1711 14
1748 14
1756 14
1760 14
1762 14
1763 14
1767 14
1769 14
1770 14
1774 14
1783 14
1795 14
1803 14
1812 14
1818 14
1842 14
1882 14
1928 14
1968 14
2000 14
2032 14
2036 14
2082 14
2100 14
2107 14
2111 14
2132 14
2160 14
2163 14
2183 14
2206 14
2264 14
2267 14
2347 14
2356 14
2414 14
2430 14
2448 14
2556 14
2563 14
2569 14
2585 14
2588 14
2592 14
2614 14
2674 14
2681 14
2694 14
2716 14
2776 14
2786 14
2794 14
2805 14
2821 14
2891 14
2910 14
2911 14
2947 14
2949 14
2960 14
3013 14
3024 14
3028 14
3065 14
3069 14
3075 14
3110 14
3120 14
3153 14
3159 14
3177 14
3185 14
3217 14
3227 14
3231 14
3239 14
3270 14
3293 14
3346 14
3374 14
3397 14
3428 14
3438 14
3460 14
3472 14
3474 14
3476 14
3487 14
3488 14
3491 14
3548 14
3571 14
3577 14
3581 14
3585 14
3651 14
3655 14
3664 14
3686 14
3703 14
3704 14
3734 14
3777 14
3802 14
3816 14
3832 14
3865 14
68 15
79 15
279 15
290 15
393 15
492 15
569 15
695 15
860 15
894 15
950 15
998 15
1386 15
1392 15
1426 15
1491 15
1514 15
1660 15
1673 15
1681 15
1686 15
1736 15
1917 15
1988 15
1993 15
2026 15
2087 15
2099 15
2100 15
2423 15
2527 15
2682 15
2769 15
2788 15
2821 15
2876 15
2938 15
3049 15
3100 15
3292 15
3529 15
3555 15
3574 15
3603 15
3641 15
3659 15
3746 15
36 16
69 16
120 16
123 16
128 16
183 16
186 16
190 16
197 16
210 16
216 16
234 16
256 16
295 16
333 16
354 16
357 16
373 16
383 16
398 16
420 16
427 16
456 16
479 16
480 16
518 16
540 16
584 16
601 16
606 16
643 16
648 16
651 16
688 16
721 16
728 16
790 16
828 16
852 16
870 16
914 16
951 16
956 16
975 16
1031 16
1062 16
1064 16
1109 16
1112 16
1115 16
1121 16
1142 16
1150 16
1239 16
1253 16
1270 16
1286 16
1287 16
1328 16
1330 16
1331 16
1391 16
1412 16
1431 16
1433 16
1435 16
1436 16
1444 16
1458 16
1468 16
1481 16
1497 16
1504 16
1507 16
1535 16
1576 16
1599 16
1600 16
1618 16
1638 16
1672 16
1709 16
1716 16
1737 16
1746 16
1762 16
1765 16
1783 16
1790 16
1796 16
1865 16
1889 16
1968 16
1997 16
2000 16
2006 16
2047 16
2052 16
2061 16
2070 16
2076 16
2100 16
2160 16
2183 16
2214 16
2218 16
2231 16
2285 16
2310 16
2312 16
2359 16
2376 16
2426 16
2443 16
2482 16
2486 16
2499 16
2505 16
2512 16
2527 16
2528 16
2529 16
2559 16
2571 16
2610 16
2623 16
2644 16
2646 16
2665 16
2718 16
2719 16
2733 16
2780 16
2834 16
2885 16
2947 16
3029 16
3055 16
3057 16
3110 16
3111 16
3131 16
3149 16
3151 16
3166 16
3168 16
3216 16
3217 16
3218 16
3224 16
3257 16
3260 16
3268 16
3278 16
3288 16
3367 16
3374 16
3387 16
3403 16
3406 16
3431 16
3472 16
3473 16
3474 16
3484 16
3501 16
3506 16
3517 16
3539 16
3544 16
3602 16
3616 16
3686 16
3697 16
3698 16
3704 16
3745 16
3771 16
3773 16
3775 16
3779 16
3780 16
3781 16
3803 16
3838 16
29 17
79 17
139 17
145 17
155 17
231 17
254 17
262 17
273 17
300 17
329 17
358 17
470 17
495 17
532 17
587 17
593 17
595 17
723 17
769 17
778 17
795 17
809 17
810 17
813 17
819 17
853 17
924 17
1032 17
1189 17
1237 17
1243 17
1310 17
1340 17
1392 17
1508 17
1519 17
1811 17
1995 17
2017 17
2021 17
2036 17
2067 17
2098 17
2099 17
2100 17
2109 17
2136 17
2342 17
2345 17
2400 17
2401 17
2403 17
2492 17
2536 17
2543 17
2545 17
2546 17
2616 17
2622 17
2656 17
2798 17
2805 17
2810 17
2837 17
2867 17
2870 17
2872 17
2924 17
2939 17
2948 17
2959 17
2962 17
3014 17
3022 17
3034 17
3092 17
3262 17
3299 17
3354 17
3370 17
3466 17
3554 17
3570 17
3682 17
3765 17
3825 17
3854 17
3874 17
3885 17
18 18
89 18
162 18
172 18
256 18
257 18
316 18
366 18
370 18
454 18
478 18
479 18
580 18
617 18
639 18
748 18
874 18
895 18
919 18
928 18
1000 18
1020 18
1044 18
1111 18
1115 18
1150 18
1416 18
1492 18
1627 18
1677 18
1711 18
1714 18
1760 18
1762 18
1767 18
1769 18
1783 18
1818 18
1882 18
1928 18
1949 18
2032 18
2082 18
2107 18
2132 18
2184 18
2206 18
2227 18
2232 18
2267 18
2356 18
2414 18
2562 18
2585 18
2588 18
2614 18
2674 18
2716 18
2753 18
2807 18
2911 18
3065 18
3069 18
3070 18
3075 18
3123 18
3153 18
3227 18
3293 18
3352 18
3387 18
3438 18
3487 18
3488 18
3571 18
3590 18
3651 18
3664 18
3686 18
3703 18
3865 18
16 19
45 19
57 19
76 19
83 19
86 19
92 19
96 19
148 19
165 19
167 19
172 19
182 19
183 19
186 19
190 19
214 19
222 19
234 19
239 19
253 19
302 19
305 19
306 19
330 19
332 19
479 19
480 19
679 19
700 19
737 19
743 19
830 19
839 19
892 19
902 19
943 19
951 19
956 19
960 19
976 19
991 19
1040 19
1053 19
1073 19
1099 19
1109 19
1118 19
1129 19
1135 19
1202 19
1211 19
1219 19
1277 19
1286 19
1296 19
1336 19
1340 19
1365 19
1433 19
1442 19
1548 19
1570 19
1573 19
1576 19
1597 19
1646 19
1672 19
1701 19
1705 19
1735 19
1740 19
1755 19
1790 19
1803 19
1807 19
1832 19
1847 19
1851 19
1889 19
1897 19
1903 19
1916 19
1919 19
1933 19
1946 19
1955 19
2013 19
2016 19
2026 19
2070 19
2073 19
2193 19
2243 19
2244 19
2256 19
2303 19
2309 19
2312 19
2346 19
2373 19
2374 19
2375 19
2380 19
2448 19
2463 19
2481 19
2493 19
2513 19
2518 19
2559 19
2593 19
2630 19
2633 19
2728 19
2743 19
2770 19
2785 19
2818 19
2857 19
2871 19
2902 19
2908 19
2915 19
2934 19
2936 19
2961 19
2977 19
2979 19
2988 19
3038 19
3046 19
3057 19
3099 19
3112 19
3119 19
3143 19
3184 19
3216 19
3229 19
3288 19
3315 19
3327 19
3353 19
3358 19
3376 19
3448 19
3450 19
3474 19
3475 19
3504 19
3556 19
3557 19
3567 19
3578 19
3593 19
3610 19
3631 19
3670 19
3708 19
3712 19
3719 19
3753 19
3812 19
3839 19
3864 19
3868 19
20 20
46 20
51 20
114 20
130 20
136 20
139 20
181 20
254 20
328 20
339 20
371 20
430 20
446 20
448 20
469 20
470 20
474 20
556 20
576 20
580 20
587 20
592 20
622 20
682 20
702 20
755 20
781 20
813 20
921 20
924 20
945 20
971 20
979 20
1013 20
1051 20
1181 20
1220 20
1229 20
1231 20
1237 20
1307 20
1310 20
1339 20
1345 20
1471 20
1546 20
1581 20
1636 20
1698 20
1744 20
1761 20
1768 20
1788 20
1813 20
1828 20
1836 20
1903 20
1990 20
2007 20
2037 20
2041 20
2067 20
2098 20
2109 20
2116 20
2128 20
2167 20
2234 20
2247 20
2255 20
2306 20
2362 20
2363 20
2381 20
2396 20
2400 20
2406 20
2408 20
2462 20
2514 20
2539 20
2545 20
2607 20
2616 20
2637 20
2656 20
2675 20
2693 20
2792 20
2798 20
2815 20
2872 20
2877 20
2913 20
2924 20
2959 20
2965 20
3012 20
3027 20
3065 20
3089 20
3143 20
3144 20
3147 20
3155 20
3162 20
3165 20
3173 20
3199 20
3253 20
3356 20
3357 20
3359 20
3388 20
3393 20
3420 20
3466 20
3508 20
3547 20
3568 20
3603 20
3629 20
3644 20
3678 20
3728 20
3738 20
3765 20
3798 20
3813 20
3825 20
3846 20
3847 20
3861 20
3872 20
3874 20
3875 20
12 21
43 21
103 21
133 21
143 21
184 21
195 21
295 21
307 21
344 21
391 21
404 21
406 21
408 21
565 21
579 21
589 21
681 21
696 21
713 21
715 21
782 21
845 21
862 21
933 21
968 21
997 21
1059 21
1120 21
1133 21
1155 21
1182 21
1252 21
1257 21
1298 21
1323 21
1349 21
1363 21
1373 21
1436 21
1438 21
1445 21
1547 21
1571 21
1592 21
1596 21
1601 21
1763 21
1764 21
1776 21
1819 21
1831 21
1873 21
1878 21
1912 21
1941 21
2000 21
2015 21
2035 21
2038 21
2089 21
2123 21
2169 21
2201 21
2274 21
2284 21
2357 21
2385 21
2412 21
2427 21
2455 21
2494 21
2497 21
2568 21
2612 21
2646 21
2650 21
2679 21
2767 21
2813 21
2828 21
2854 21
2891 21
2941 21
2996 21
2999 21
3004 21
3196 21
3238 21
3275 21
3311 21
3320 21
3369 21
3373 21
3429 21
3430 21
3450 21
3502 21
3515 21
3613 21
3621 21
3632 21
3662 21
3700 21
3755 21
3773 21
3788 21
3789 21
3828 21
3860 21
3871 21
64 22
200 22
288 22
353 22
371 22
385 22
470 22
495 22
496 22
539 22
622 22
631 22
893 22
929 22
935 22
937 22
1077 22
1126 22
1145 22
1231 22
1285 22
1305 22
1433 22
1444 22
1482 22
1504 22
1610 22
1623 22
1698 22
1731 22
1802 22
1879 22
1887 22
1892 22
1938 22
2022 22
2025 22
2116 22
2125 22
2218 22
2238 22
2258 22
2288 22
2307 22
2417 22
2421 22
2479 22
2505 22
2521 22
2588 22
2609 22
2615 22
2646 22
2663 22
2771 22
2814 22
2856 22
2875 22
2940 22
3078 22
3295 22
3435 22
3511 22
3520 22
3560 22
3617 22
3683 22
3692 22
3694 22
3765 22
3849 22
14 23
69 23
70 23
71 23
97 23
100 23
102 23
126 23
131 23
158 23
161 23
176 23
188 23
190 23
199 23
212 23
310 23
314 23
320 23
322 23
326 23
330 23
376 23
420 23
439 23
454 23
458 23
478 23
480 23
487 23
488 23
491 23
493 23
513 23
520 23
524 23
533 23
617 23
627 23
638 23
655 23
661 23
724 23
727 23
729 23
734 23
776 23
808 23
840 23
848 23
875 23
891 23
901 23
905 23
960 23
992 23
1110 23
1115 23
1132 23
1148 23
1150 23
1180 23
1221 23
1228 23
1238 23
1240 23
1250 23
1254 23
1282 23
1306 23
1334 23
1405 23
1418 23
1474 23
1490 23
1554 23
1583 23
1587 23
1597 23
1599 23
1600 23
1602 23
1725 23
1737 23
1748 23
1758 23
1848 23
1928 23
1935 23
1940 23
1963 23
1968 23
1991 23
2000 23
2005 23
2070 23
2076 23
2097 23
2135 23
2143 23
2152 23
2183 23
2184 23
2195 23
2206 23
2221 23
2224 23
2225 23
2232 23
2239 23
2262 23
2265 23
2297 23
2303 23
2304 23
2353 23
2376 23
2430 23
2436 23
2438 23
2449 23
2481 23
2541 23
2544 23
2556 23
2595 23
2606 23
2608 23
2631 23
2680 23
2801 23
2855 23
2871 23
2894 23
2897 23
2912 23
2949 23
2975 23
2998 23
3009 23
3020 23
3024 23
3025 23
3028 23
3055 23
3083 23
3120 23
3122 23
3139 23
3175 23
3179 23
3184 23
3185 23
3186 23
3201 23
3234 23
3250 23
3290 23
3294 23
3308 23
3346 23
3387 23
3393 23
3455 23
3473 23
3477 23
3482 23
3491 23
3496 23
3515 23
3524 23
3554 23
3571 23
3573 23
3577 23
3578 23
3627 23
3679 23
3685 23
3698 23
3701 23
3703 23
3709 23
3710 23
3753 23
3783 23
3802 23
3831 23
3841 23
5 24
23 24
39 24
55 24
105 24
123 24
127 24
204 24
236 24
287 24
352 24
364 24
382 24
415 24
438 24
563 24
592 24
606 24
693 24
699 24
768 24
791 24
795 24
821 24
849 24
853 24
861 24
867 24
876 24
884 24
885 24
975 24
995 24
1064 24
1072 24
1139 24
1150 24
1155 24
1174 24
1199 24
1203 24
1310 24
1335 24
1340 24
1375 24
1411 24
1415 24
1420 24
1423 24
1426 24
1438 24
1449 24
1456 24
1485 24
1494 24
1525 24
1654 24
1655 24
1714 24
1729 24
1783 24
1796 24
1823 24
1841 24
1850 24
1855 24
1915 24
1968 24
1991 24
1997 24
1999 24
2004 24
2011 24
2014 24
2023 24
2100 24
2126 24
2146 24
2160 24
2164 24
2167 24
2182 24
2183 24
2258 24
2271 24
2286 24
2301 24
2304 24
2312 24
2464 24
2527 24
2529 24
2558 24
2575 24
2607 24
2632 24
2646 24
2661 24
2720 24
2754 24
2762 24
2781 24
2815 24
2828 24
2831 24
2836 24
2858 24
2926 24
2947 24
2951 24
2965 24
2993 24
3007 24
3010 24
3015 24
3033 24
3054 24
3095 24
3100 24
3124 24
3127 24
3143 24
3192 24
3202 24
3213 24
3235 24
3264 24
3313 24
3323 24
3326 24
3334 24
3355 24
3458 24
3501 24
3506 24
3521 24
3565 24
3566 24
3615 24
3630 24
3725 24
3731 24
3780 24
3793 24
3845 24
3850 24
3860 24
3873 24
45 25
295 25
375 25
571 25
590 25
602 25
646 25
886 25
896 25
1043 25
1253 25
1263 25
1316 25
1940 25
2218 25
2241 25
2303 25
2487 25
2633 25
2886 25
2895 25
3073 25
3088 25
3139 25
3208 25
3326 25
3607 25
3617 25
3706 25
3772 25
59 26
72 26
122 26
174 26
203 26
219 26
242 26
267 26
270 26
272 26
321 26
329 26
367 26
402 26
409 26
411 26
441 26
461 26
497 26
525 26
546 26
577 26
595 26
597 26
619 26
633 26
634 26
729 26
734 26
758 26
760 26
761 26
762 26
772 26
777 26
829 26
845 26
946 26
949 26
1002 26
1015 26
1068 26
1070 26
1071 26
1086 26
1116 26
1137 26
1140 26
1147 26
1154 26
1181 26
1230 26
1247 26
1298 26
1311 26
1359 26
1360 26
1375 26
1396 26
1460 26
1513 26
1518 26
1521 26
1523 26
1596 26
1609 26
1615 26
1617 26
1619 26
1625 26
1635 26
1673 26
1738 26
1744 26
1749 26
1753 26
1764 26
1776 26
1837 26
1841 26
1846 26
1859 26
1956 26
1970 26
1976 26
1977 26
1981 26
1998 26
2008 26
2012 26
2050 26
2074 26
2123 26
2178 26
2197 26
2224 26
2246 26
2249 26
2250 26
2269 26
2271 26
2300 26
2317 26
2328 26
2340 26
2365 26
2379 26
2387 26
2413 26
2416 26
2473 26
2484 26
2506 26
2507 26
2508 26
2509 26
2510 26
2517 26
2519 26
2532 26
2548 26
2551 26
2552 26
2572 26
2577 26
2584 26
2604 26
2606 26
2610 26
2612 26
2639 26
2641 26
2683 26
2686 26
2691 26
2692 26
2715 26
2720 26
2744 26
2766 26
2772 26
2850 26
2863 26
2893 26
2919 26
2948 26
2954 26
2955 26
2999 26
3001 26
3006 26
3012 26
3015 26
3068 26
3081 26
3094 26
3126 26
3195 26
3222 26
3236 26
3256 26
3265 26
3277 26
3280 26
3289 26
3312 26
3313 26
3328 26
3378 26
3379 26
3410 26
3413 26
3452 26
3495 26
3515 26
3516 26
3519 26
3534 26
3564 26
3613 26
3619 26
3648 26
3650 26
3652 26
3654 26
3655 26
3707 26
3758 26
3786 26
3787 26
3805 26
3809 26
3823 26
3861 26
3880 26
3881 26
3888 26
4 27
28 27
44 27
90 27
104 27
134 27
192 27
203 27
268 27
275 27
325 27
362 27
401 27
402 27
413 27
415 27
416 27
417 27
418 27
419 27
422 27
423 27
512 27
543 27
564 27
567 27
607 27
675 27
688 27
710 27
745 27
771 27
780 27
798 27
835 27
846 27
871 27
888 27
900 27
954 27
989 27
1012 27
1027 27
1035 27
1046 27
1054 27
1057 27
1084 27
1085 27
1089 27
1149 27
1159 27
1173 27
1194 27
1204 27
1223 27
1249 27
1364 27
1368 27
1369 27
1374 27
1375 27
1384 27
1427 27
1430 27
1448 27
1460 27
1472 27
1473 27
1475 27
1476 27
1479 27
1509 27
1515 27
1613 27
1628 27
1658 27
1722 27
1751 27
1827 27
1975 27
1986 27
2034 27
2039 27
2063 27
2084 27
2142 27
2154 27
2165 27
2197 27
2239 27
2251 27
2252 27
2295 27
2296 27
2313 27
2331 27
2398 27
2447 27
2538 27
2552 27
2572 27
2606 27
2625 27
2660 27
2688 27
2689 27
2717 27
2732 27
2734 27
2783 27
2841 27
2847 27
2860 27
2876 27
2898 27
2993 27
3087 27
3114 27
3140 27
3145 27
3177 27
3221 27
3284 27
3333 27
3338 27
3366 27
3368 27
3370 27
3371 27
3415 27
3440 27
3459 27
3463 27
3481 27
3555 27
3569 27
3570 27
3572 27
3604 27
3634 27
3643 27
3722 27
3754 27
3791 27
3886 27
8 28
42 28
49 28
67 28
128 28
140 28
154 28
168 28
181 28
187 28
194 28
204 28
295 28
305 28
330 28
386 28
412 28
431 28
442 28
468 28
475 28
535 28
570 28
616 28
641 28
645 28
648 28
651 28
669 28
690 28
705 28
728 28
736 28
738 28
741 28
746 28
757 28
786 28
790 28
841 28
854 28
870 28
880 28
881 28
915 28
949 28
953 28
982 28
1019 28
1033 28
1036 28
1040 28
1138 28
1146 28
1185 28
1200 28
1209 28
1213 28
1236 28
1277 28
1326 28
1328 28
1356 28
1371 28
1376 28
1382 28
1388 28
1404 28
1425 28
1433 28
1444 28
1504 28
1519 28
1537 28
1556 28
1559 28
1576 28
1602 28
1603 28
1636 28
1648 28
1704 28
1744 28
1795 28
1865 28
1879 28
1896 28
1925 28
1931 28
1934 28
1945 28
1990 28
1994 28
2002 28
2004 28
2017 28
2026 28
2072 28
2113 28
2115 28
2160 28
2171 28
2173 28
2183 28
2186 28
2256 28
2279 28
2321 28
2327 28
2338 28
2354 28
2366 28
2382 28
2426 28
2441 28
2450 28
2494 28
2528 28
2535 28
2568 28
2571 28
2580 28
2598 28
2607 28
2624 28
2628 28
2630 28
2646 28
2653 28
2664 28
2699 28
2718 28
2746 28
2767 28
2821 28
2824 28
2834 28
2878 28
2881 28
2885 28
2886 28
2944 28
2990 28
3004 28
3005 28
3031 28
3043 28
3053 28
3060 28
3078 28
3098 28
3102 28
3118 28
3194 28
3245 28
3291 28
3295 28
3331 28
3345 28
3355 28
3356 28
3384 28
3427 28
3445 28
3447 28
3450 28
3474 28
3494 28
3496 28
3506 28
3517 28
3541 28
3598 28
3609 28
3677 28
3721 28
3730 28
3761 28
3779 28
3781 28
3832 28
3871 28
3877 28
61 29
71 29
97 29
101 29
176 29
204 29
289 29
315 29
398 29
420 29
479 29
596 29
659 29
662 29
683 29
796 29
827 29
905 29
936 29
956 29
1122 29
1165 29
1281 29
1288 29
1440 29
1468 29
1490 29
1534 29
1587 29
1678 29
1693 29
1720 29
1770 29
1783 29
1795 29
1796 29
1826 29
1892 29
1928 29
2070 29
2076 29
2097 29
2183 29
2231 29
2334 29
2460 29
2528 29
2569 29
2724 29
2756 29
2771 29
2869 29
2909 29
2911 29
2949 29
3024 29
3139 29
3179 29
3187 29
3207 29
3229 29
3231 29
3346 29
3353 29
3387 29
3412 29
3421 29
3473 29
3557 29
3571 29
3576 29
3578 29
3679 29
3686 29
3704 29
3723 29
3731 29
3744 29
3745 29
3757 29
3772 29
3865 29
31 30
132 30
142 30
151 30
304 30
343 30
372 30
381 30
399 30
440 30
464 30
628 30
652 30
671 30
722 30
738 30
753 30
768 30
775 30
788 30
831 30
863 30
877 30
910 30
917 30
922 30
934 30
948 30
973 30
1017 30
1028 30
1060 30
1095 30
1131 30
1153 30
1186 30
1299 30
1303 30
1308 30
1327 30
1375 30
1381 30
1399 30
1483 30
1495 30
1524 30
1541 30
1564 30
1589 30
1712 30
1727 30
1730 30
1809 30
1826 30
1866 30
1910 30
1930 30
1951 30
1984 30
1990 30
1994 30
2053 30
2091 30
2138 30
2190 30
2235 30
2242 30
2248 30
2272 30
2291 30
2298 30
2332 30
2374 30
2387 30
2516 30
2560 30
2687 30
2690 30
2704 30
2706 30
2710 30
2712 30
2743 30
2763 30
2804 30
2818 30
2833 30
2839 30
2873 30
2962 30
2974 30
2977 30
3007 30
3017 30
3038 30
3176 30
3180 30
3228 30
3396 30
3398 30
3507 30
3512 30
3596 30
3625 30
3631 30
3668 30
3717 30
3751 30
3766 30
3799 30
3843 30
3863 30
122 31
152 31
153 31
185 31
220 31
228 31
292 31
328 31
337 31
363 31
413 31
421 31
443 31
446 31
450 31
457 31
465 31
469 31
474 31
477 31
486 31
490 31
523 31
542 31
607 31
626 31
687 31
712 31
754 31
795 31
801 31
818 31
829 31
869 31
876 31
878 31
921 31
932 31
962 31
966 31
968 31
979 31
1051 31
1104 31
1160 31
1230 31
1302 31
1307 31
1310 31
1311 31
1406 31
1467 31
1470 31
1480 31
1485 31
1542 31
1544 31
1545 31
1546 31
1550 31
1566 31
1662 31
1668 31
1680 31
1682 31
1683 31
1685 31
1686 31
1687 31
1688 31
1689 31
1691 31
1695 31
1699 31
1718 31
1744 31
1778 31
1779 31
1804 31
1813 31
1834 31
1836 31
1843 31
1845 31
1849 31
1850 31
1871 31
1943 31
1959 31
2024 31
2049 31
2067 31
2090 31
2092 31
2110 31
2129 31
2150 31
2188 31
2202 31
2223 31
2226 31
2234 31
2255 31
2306 31
2322 31
2329 31
2362 31
2363 31
2364 31
2382 31
2387 31
2396 31
2453 31
2468 31
2495 31
2503 31
2533 31
2573 31
2634 31
2638 31
2654 31
2685 31
2686 31
2700 31
2707 31
2709 31
2732 31
2750 31
2758 31
2772 31
2789 31
2816 31
2817 31
2826 31
2829 31
2830 31
2844 31
2872 31
3027 31
3040 31
3049 31
3050 31
3051 31
3052 31
3072 31
3092 31
3161 31
3163 31
3164 31
3202 31
3225 31
3233 31
3240 31
3241 31
3242 31
3253 31
3277 31
3332 31
3335 31
3336 31
3340 31
3375 31
3394 31
3399 31
3508 31
3516 31
3522 31
3526 31
3527 31
3529 31
3531 31
3532 31
3547 31
3555 31
3595 31
3618 31
3620 31
3644 31
3648 31
3653 31
3689 31
3702 31
3728 31
3741 31
3765 31
3798 31
3806 31
3859 31
3872 31
3882 31
38 32
49 32
82 32
87 32
266 32
295 32
375 32
444 32
480 32
484 32
518 32
540 32
545 32
548 32
582 32
590 32
596 32
599 32
602 32
621 32
646 32
650 32
730 32
830 32
834 32
867 32
870 32
873 32
880 32
883 32
886 32
887 32
890 32
912 32
918 32
927 32
951 32
1038 32
1041 32
1113 32
1236 32
1243 32
1274 32
1277 32
1283 32
1287 32
1342 32
1350 32
1362 32
1372 32
1408 32
1412 32
1431 32
1433 32
1437 32
1462 32
1512 32
1569 32
1577 32
1598 32
1617 32
1649 32
1661 32
1666 32
1694 32
1703 32
1716 32
1719 32
1752 32
1766 32
1777 32
1833 32
1854 32
1856 32
1858 32
1891 32
1892 32
1918 32
1922 32
1924 32
1925 32
1935 32
1940 32
1944 32
2033 32
2104 32
2108 32
2118 32
2119 32
2120 32
2149 32
2153 32
2180 32
2183 32
2198 32
2231 32
2273 32
2279 32
2294 32
2314 32
2346 32
2369 32
2415 32
2452 32
2501 32
2502 32
2528 32
2582 32
2583 32
2589 32
2591 32
2599 32
2608 32
2633 32
2661 32
2673 32
2681 32
2718 32
2780 32
2820 32
2848 32
2874 32
2890 32
2916 32
3016 32
3044 32
3064 32
3071 32
3111 32
3118 32
3197 32
3203 32
3252 32
3255 32
3258 32
3259 32
3326 32
3337 32
3342 32
3343 32
3345 32
3346 32
3355 32
3361 32
3367 32
3372 32
3464 32
3474 32
3485 32
3490 32
3493 32
3501 32
3517 32
3530 32
3533 32
3538 32
3540 32
3541 32
3568 32
3586 32
3612 32
3661 32
3672 32
3676 32
3679 32
3703 32
3705 32
3745 32
3759 32
3804 32
3841 32
3852 32
3870 32
3873 32
3876 32
3884 32
24 33
72 33
156 33
242 33
307 33
337 33
379 33
411 33
560 33
664 33
758 33
785 33
1011 33
1015 33
1036 33
1114 33
1190 33
1198 33
1298 33
1353 33
1595 33
1596 33
1619 33
1625 33
1723 33
1764 33
1846 33
1872 33
1970 33
2236 33
2268 33
2317 33
2479 33
2530 33
2587 33
2610 33
2639 33
2784 33
2803 33
2842 33
2907 33
2927 33
3041 33
3168 33
3280 33
3402 33
3432 33
3441 33
3515 33
3549 33
3584 33
3792 33
3797 33
3823 33
3879 33
24 34
58 34
72 34
73 34
74 34
80 34
106 34
116 34
131 34
135 34
138 34
173 34
203 34
240 34
259 34
275 34
281 34
285 34
294 34
350 34
358 34
367 34
374 34
392 34
414 34
445 34
453 34
461 34
498 34
504 34
522 34
529 34
536 34
538 34
543 34
563 34
565 34
581 34
595 34
609 34
664 34
671 34
685 34
709 34
710 34
759 34
767 34
777 34
789 34
790 34
798 34
844 34
846 34
851 34
957 34
978 34
987 34
999 34
1002 34
1027 34
1055 34
1086 34
1088 34
1089 34
1097 34
1159 34
1185 34
1190 34
1192 34
1193 34
1204 34
1235 34
1258 34
1259 34
1284 34
1361 34
1368 34
1369 34
1370 34
1457 34
1487 34
1513 34
1518 34
1523 34
1532 34
1543 34
1596 34
1615 34
1616 34
1617 34
1619 34
1625 34
1663 34
1673 34
1690 34
1721 34
1764 34
1791 34
1793 34
1846 34
1866 34
1905 34
1930 34
1950 34
1956 34
1977 34
1983 34
1985 34
1996 34
2005 34
2018 34
2020 34
2027 34
2078 34
2091 34
2138 34
2158 34
2161 34
2178 34
2185 34
2207 34
2246 34
2282 34
2301 34
2315 34
2320 34
2324 34
2335 34
2350 34
2386 34
2388 34
2447 34
2552 34
2564 34
2602 34
2606 34
2610 34
2658 34
2670 34
2691 34
2695 34
2705 34
2723 34
2741 34
2784 34
2795 34
2850 34
2866 34
2868 34
2891 34
2929 34
2956 34
2984 34
2999 34
3000 34
3094 34
3096 34
3106 34
3142 34
3171 34
3212 34
3215 34
3237 34
3243 34
3256 34
3261 34
3265 34
3267 34
3272 34
3281 34
3319 34
3324 34
3385 34
3401 34
3408 34
3410 34
3418 34
3432 34
3433 34
3465 34
3509 34
3513 34
3575 34
3619 34
3628 34
3640 34
3687 34
3699 34
3743 34
3748 34
3810 34
3833 34
3843 34
3846 34
3851 34
3854 34
3860 34
3861 34
6 35
7 35
8 35
11 35
13 35
15 35
31 35
66 35
95 35
137 35
164 35
165 35
186 35
194 35
201 35
205 35
226 35
254 35
397 35
426 35
432 35
468 35
495 35
501 35
534 35
557 35
599 35
603 35
642 35
663 35
666 35
707 35
756 35
790 35
803 35
813 35
839 35
842 35
857 35
866 35
867 35
868 35
886 35
887 35
889 35
894 35
912 35
916 35
918 35
930 35
934 35
955 35
1012 35
1014 35
1022 35
1029 35
1061 35
1062 35
1101 35
1117 35
1168 35
1171 35
1175 35
1205 35
1260 35
1274 35
1277 35
1287 35
1289 35
1293 35
1320 35
1324 35
1378 35
1395 35
1397 35
1426 35
1465 35
1510 35
1522 35
1553 35
1561 35
1579 35
1598 35
1606 35
1612 35
1631 35
1642 35
1644 35
1664 35
1710 35
1789 35
1821 35
1855 35
1857 35
1894 35
1909 35
1911 35
1938 35
1947 35
1948 35
1954 35
1966 35
2003 35
2088 35
2114 35
2117 35
2120 35
2128 35
2171 35
2195 35
2198 35
2208 35
2213 35
2294 35
2330 35
2341 35
2351 35
2364 35
2445 35
2451 35
2457 35
2459 35
2483 35
2520 35
2524 35
2597 35
2605 35
2615 35
2662 35
2676 35
2697 35
2721 35
2747 35
2761 35
2769 35
2822 35
2827 35
2834 35
2874 35
2884 35
2928 35
2937 35
2942 35
2944 35
2964 35
3004 35
3063 35
3068 35
3074 35
3085 35
3088 35
3102 35
3104 35
3107 35
3148 35
3254 35
3258 35
3309 35
3325 35
3356 35
3363 35
3364 35
3377 35
3400 35
3464 35
3467 35
3492 35
3493 35
3518 35
3589 35
3606 35
3641 35
3663 35
3679 35
3691 35
3724 35
3737 35
3740 35
3747 35
3755 35
3760 35
3761 35
3767 35
47 36
84 36
98 36
141 36
145 36
149 36
247 36
364 36
476 36
583 36
649 36
672 36
708 36
718 36
792 36
805 36
824 36
832 36
865 36
908 36
909 36
938 36
1001 36
1047 36
1048 36
1083 36
1158 36
1182 36
1225 36
1275 36
1317 36
1351 36
1396 36
1398 36
1448 36
1461 36
1537 36
1538 36
1591 36
1602 36
1655 36
1703 36
1713 36
1739 36
1741 36
1808 36
1838 36
1870 36
1896 36
2056 36
2077 36
2085 36
2099 36
2174 36
2261 36
2316 36
2383 36
2412 36
2490 36
2496 36
2523 36
2557 36
2671 36
2723 36
2729 36
2779 36
2799 36
3033 36
3045 36
3047 36
3205 36
3276 36
3296 36
3298 36
3305 36
3314 36
3329 36
3395 36
3433 36
3442 36
3470 36
3496 36
3510 36
3544 36
3572 36
3595 36
3665 36
3794 36
3807 36
3817 36
3853 36
3858 36
38 37
45 37
81 37
111 37
112 37
118 37
125 37
148 37
154 37
207 37
208 37
218 37
258 37
271 37
310 37
323 37
395 37
427 37
442 37
456 37
500 37
550 37
571 37
596 37
613 37
661 37
677 37
690 37
731 37
744 37
834 37
886 37
939 37
959 37
965 37
983 37
996 37
1009 37
1170 37
1185 37
1195 37
1206 37
1212 37
1216 37
1248 37
1255 37
1271 37
1329 37
1343 37
1350 37
1358 37
1388 37
1400 37
1417 37
1428 37
1454 37
1505 37
1506 37
1539 37
1552 37
1556 37
1558 37
1560 37
1565 37
1586 37
1648 37
1666 37
1736 37
1766 37
1806 37
1828 37
1833 37
1858 37
1865 37
1877 37
1926 37
1932 37
2052 37
2055 37
2081 37
2112 37
2144 37
2168 37
2287 37
2294 37
2311 37
2437 37
2452 37
2454 37
2486 37
2492 37
2505 37
2534 37
2550 37
2591 37
2610 37
2628 37
2676 37
2718 37
2759 37
2834 37
2870 37
2885 37
2906 37
3019 37
3060 37
3062 37
3109 37
3116 37
3197 37
3210 37
3217 37
3269 37
3304 37
3307 37
3318 37
3384 37
3417 37
3425 37
3444 37
3485 37
3517 37
3536 37
3592 37
3608 37
3661 37
3672 37
3673 37
3683 37
3718 37
3756 37
3862 37
23 38
97 38
103 38
131 38
155 38
177 38
204 38
236 38
258 38
283 38
316 38
383 38
394 38
405 38
407 38
412 38
450 38
487 38
514 38
528 38
536 38
542 38
602 38
610 38
678 38
689 38
790 38
806 38
812 38
814 38
937 38
961 38
963 38
975 38
976 38
977 38
988 38
995 38
1008 38
1016 38
1018 38
1064 38
1078 38
1150 38
1158 38
1185 38
1226 38
1236 38
1263 38
1275 38
1287 38
1328 38
1400 38
1425 38
1426 38
1431 38
1464 38
1482 38
1514 38
1522 38
1572 38
1618 38
1623 38
1627 38
1655 38
1704 38
1724 38
1732 38
1783 38
1841 38
1892 38
1901 38
1925 38
1929 38
1938 38
1939 38
1940 38
1944 38
1969 38
1978 38
1997 38
2067 38
2070 38
2092 38
2099 38
2100 38
2102 38
2152 38
2163 38
2183 38
2214 38
2231 38
2303 38
2312 38
2438 38
2512 38
2528 38
2529 38
2541 38
2548 38
2569 38
2583 38
2605 38
2627 38
2628 38
2645 38
2646 38
2666 38
2667 38
2674 38
2685 38
2690 38
2722 38
2747 38
2749 38
2762 38
2770 38
2871 38
2897 38
2995 38
3026 38
3088 38
3116 38
3207 38
3216 38
3261 38
3276 38
3293 38
3319 38
3346 38
3355 38
3366 38
3367 38
3391 38
3400 38
3414 38
3462 38
3473 38
3475 38
3501 38
3520 38
3554 38
3555 38
3601 38
3661 38
3666 38
3672 38
3680 38
3685 38
3698 38
3739 38
3751 38
3838 38
3854 38
33 39
118 39
171 39
235 39
373 39
375 39
452 39
470 39
478 39
481 39
507 39
530 39
598 39
608 39
656 39
694 39
697 39
735 39
784 39
840 39
841 39
914 39
926 39
930 39
963 39
964 39
976 39
1011 39
1053 39
1142 39
1191 39
1231 39
1265 39
1339 39
1347 39
1380 39
1414 39
1514 39
1535 39
1540 39
1630 39
1632 39
1781 39
1814 39
1822 39
1920 39
2041 39
2052 39
2101 39
2174 39
2194 39
2214 39
2256 39
2276 39
2295 39
2304 39
2308 39
2381 39
2455 39
2489 39
2550 39
2596 39
2601 39
2613 39
2615 39
2649 39
2742 39
2787 39
2790 39
2818 39
2853 39
2864 39
2924 39
2972 39
3022 39
3039 39
3045 39
3056 39
3101 39
3111 39
3129 39
3137 39
3265 39
3278 39
3282 39
3298 39
3304 39
3339 39
3367 39
3496 39
3584 39
3694 39
3700 39
3822 39
37 40
50 40
53 40
177 40
208 40
217 40
253 40
274 40
303 40
313 40
454 40
506 40
520 40
526 40
542 40
553 40
556 40
601 40
627 40
639 40
651 40
669 40
691 40
703 40
776 40
779 40
797 40
811 40
849 40
861 40
875 40
882 40
887 40
925 40
929 40
931 40
937 40
940 40
995 40
1049 40
1074 40
1101 40
1128 40
1196 40
1203 40
1210 40
1246 40
1253 40
1292 40
1336 40
1346 40
1372 40
1416 40
1433 40
1436 40
1450 40
1594 40
1599 40
1626 40
1649 40
1653 40
1659 40
1731 40
1734 40
1742 40
1743 40
1748 40
1783 40
1795 40
1799 40
1801 40
1803 40
1861 40
1863 40
1865 40
1869 40
1899 40
1917 40
1938 40
1939 40
1940 40
1942 40
1973 40
1989 40
1991 40
2040 40
2042 40
2128 40
2163 40
2165 40
2172 40
2173 40
2183 40
2215 40
2228 40
2290 40
2316 40
2325 40
2352 40
2372 40
2384 40
2438 40
2448 40
2474 40
2478 40
2485 40
2495 40
2515 40
2540 40
2554 40
2573 40
2585 40
2588 40
2592 40
2618 40
2635 40
2643 40
2648 40
2653 40
2661 40
2668 40
2672 40
2716 40
2718 40
2719 40
2743 40
2749 40
2756 40
2764 40
2767 40
2770 40
2792 40
2811 40
2823 40
2892 40
2896 40
2900 40
2904 40
2918 40
2922 40
2953 40
2966 40
2969 40
2986 40
3013 40
3029 40
3079 40
3143 40
3182 40
3200 40
3287 40
3293 40
3322 40
3404 40
3422 40
3446 40
3454 40
3457 40
3458 40
3469 40
3474 40
3476 40
3479 40
3482 40
3530 40
3597 40
3605 40
3612 40
3713 40
3723 40
3745 40
3752 40
3760 40
3802 40
3822 40
3829 40
3878 40
3 41
8 41
9 41
54 41
159 41
179 41
212 41
223 41
280 41
282 41
349 41
377 41
410 41
471 41
499 41
510 41
545 41
548 41
571 41
578 41
612 41
624 41
637 41
646 41
720 41
726 41
733 41
763 41
769 41
787 41
794 41
813 41
830 41
839 41
843 41
882 41
939 41
959 41
1004 41
1038 41
1074 41
1079 41
1109 41
1142 41
1178 41
1184 41
1195 41
1233 41
1263 41
1264 41
1268 41
1280 41
1345 41
1379 41
1383 41
1417 41
1469 41
1529 41
1530 41
1541 41
1555 41
1569 41
1585 41
1590 41
1598 41
1602 41
1606 41
1607 41
1614 41
1629 41
1643 41
1657 41
1664 41
1667 41
1700 41
1701 41
1725 41
1752 41
1801 41
1802 41
1812 41
1855 41
1881 41
1884 41
1907 41
1921 41
1927 41
1935 41
1968 41
1980 41
2025 41
2029 41
2035 41
2083 41
2118 41
2141 41
2149 41
2151 41
2153 41
2157 41
2194 41
2222 41
2238 41
2293 41
2299 41
2339 41
2391 41
2430 41
2431 41
2442 41
2454 41
2470 41
2483 41
2488 41
2491 41
2498 41
2542 41
2581 41
2583 41
2590 41
2643 41
2656 41
2662 41
2677 41
2681 41
2712 41
2728 41
2730 41
2755 41
2802 41
2823 41
2845 41
2861 41
2903 41
2950 41
2967 41
2983 41
2985 41
2987 41
3048 41
3061 41
3066 41
3084 41
3105 41
3118 41
3132 41
3135 41
3145 41
3183 41
3184 41
3188 41
3194 41
3198 41
3254 41
3303 41
3304 41
3321 41
3324 41
3327 41
3341 41
3390 41
3425 41
3468 41
3471 41
3480 41
3483 41
3484 41
3490 41
3537 41
3553 41
3591 41
3599 41
3638 41
3663 41
3688 41
3720 41
3735 41
3756 41
3760 41
3776 41
3819 41
3827 41
3830 41
3867 41
37 42
49 42
81 42
116 42
122 42
139 42
181 42
211 42
246 42
260 42
279 42
284 42
289 42
295 42
305 42
319 42
334 42
336 42
346 42
348 42
371 42
390 42
412 42
428 42
434 42
442 42
458 42
485 42
527 42
556 42
570 42
588 42
646 42
671 42
705 42
708 42
728 42
730 42
732 42
741 42
757 42
799 42
880 42
881 42
889 42
921 42
923 42
932 42
949 42
998 42
1036 42
1041 42
1081 42
1129 42
1141 42
1142 42
1146 42
1173 42
1186 42
1209 42
1236 42
1273 42
1277 42
1301 42
1324 42
1328 42
1355 42
1356 42
1361 42
1388 42
1403 42
1415 42
1437 42
1447 42
1450 42
1462 42
1491 42
1500 42
1546 42
1572 42
1602 42
1603 42
1641 42
1648 42
1744 42
1745 42
1786 42
1789 42
1813 42
1815 42
1896 42
1931 42
1964 42
1990 42
1994 42
2009 42
2026 42
2057 42
2099 42
2106 42
2111 42
2148 42
2155 42
2192 42
2231 42
2315 42
2319 42
2321 42
2323 42
2327 42
2354 42
2360 42
2396 42
2397 42
2440 42
2494 42
2553 42
2568 42
2580 42
2601 42
2607 42
2630 42
2651 42
2663 42
2668 42
2708 42
2711 42
2713 42
2746 42
2767 42
2800 42
2821 42
2872 42
2901 42
2943 42
2945 42
2955 42
2984 42
2990 42
2997 42
3004 42
3005 42
3058 42
3078 42
3082 42
3098 42
3102 42
3118 42
3128 42
3130 42
3156 42
3187 42
3194 42
3245 42
3248 42
3255 42
3291 42
3349 42
3355 42
3384 42
3411 42
3434 42
3439 42
3445 42
3450 42
3486 42
3494 42
3510 42
3534 42
3543 42
3558 42
3677 42
3680 42
3714 42
3730 42
3733 42
3790 42
3843 42
3844 42
84 43
247 43
252 43
305 43
378 43
436 43
459 43
549 43
572 43
612 43
644 43
654 43
657 43
658 43
671 43
719 43
736 43
739 43
769 43
790 43
840 43
845 43
875 43
941 43
982 43
993 43
1064 43
1110 43
1143 43
1172 43
1185 43
1266 43
1269 43
1270 43
1272 43
1279 43
1288 43
1309 43
1313 43
1333 43
1398 43
1425 43
1474 43
1564 43
1584 43
1602 43
1675 43
1720 43
1747 43
1759 43
1782 43
1820 43
1841 43
1842 43
1846 43
1860 43
1875 43
1948 43
1963 43
1987 43
2040 43
2080 43
2211 43
2272 43
2274 43
2454 43
2472 43
2525 43
2541 43
2636 43
2640 43
2647 43
2756 43
2778 43
2779 43
2782 43
2823 43
2946 43
2957 43
2982 43
2996 43
3008 43
3037 43
3063 43
3077 43
3112 43
3169 43
3189 43
3201 43
3250 43
3298 43
3511 43
3573 43
3578 43
3593 43
3626 43
3756 43
3757 43
3834 43
3865 43
22 44
58 44
59 44
99 44
116 44
135 44
147 44
173 44
195 44
237 44
241 44
259 44
264 44
269 44
288 44
311 44
329 44
359 44
360 44
368 44
414 44
453 44
456 44
461 44
498 44
502 44
504 44
515 44
529 44
543 44
565 44
609 44
631 44
664 44
671 44
704 44
710 44
713 44
721 44
752 44
774 44
783 44
788 44
789 44
851 44
959 44
974 44
987 44
1004 44
1025 44
1076 44
1088 44
1097 44
1105 44
1144 44
1147 44
1161 44
1162 44
1163 44
1185 44
1190 44
1207 44
1227 44
1232 44
1235 44
1241 44
1242 44
1247 44
1284 44
1297 44
1306 44
1350 44
1358 44
1395 44
1420 44
1443 44
1447 44
1451 44
1487 44
1493 44
1496 44
1513 44
1516 44
1518 44
1523 44
1568 44
1586 44
1589 44
1605 44
1615 44
1616 44
1619 44
1690 44
1721 44
1737 44
1764 44
1805 44
1819 44
1825 44
1846 44
1866 44
1880 44
1886 44
1893 44
1905 44
1906 44
1930 44
1961 44
1974 44
1977 44
1981 44
1983 44
2001 44
2046 44
2048 44
2078 44
2079 44
2091 44
2138 44
2178 44
2189 44
2196 44
2214 44
2246 44
2248 44
2263 44
2282 44
2300 44
2302 44
2315 44
2350 44
2413 44
2508 44
2517 44
2525 44
2561 44
2579 44
2602 44
2603 44
2610 44
2691 44
2714 44
2739 44
2774 44
2795 44
2839 44
2887 44
2888 44
2913 44
2929 44
2973 44
2984 44
3012 44
3019 44
3094 44
3096 44
3133 44
3171 44
3223 44
3228 44
3243 44
3246 44
3247 44
3251 44
3261 44
3263 44
3313 44
3383 44
3392 44
3410 44
3418 44
3465 44
3478 44
3513 44
3564 44
3579 44
3619 44
3637 44
3679 44
3699 44
3730 44
3734 44
3749 44
3768 44
3769 44
3810 44
3820 44
3832 44
3843 44
3851 44
3854 44
3855 44
3860 44
3861 44
3869 44
131 45
141 45
265 45
301 45
324 45
355 45
369 45
508 45
969 45
971 45
977 45
1019 45
1058 45
1142 45
1153 45
1157 45
1401 45
1433 45
1652 45
1935 45
1991 45
2228 45
2358 45
2375 45
2540 45
2542 45
2579 45
2968 45
3076 45
3088 45
3577 45
3578 45
3688 45
3840 45
20 46
75 46
79 46
96 46
105 46
130 46
139 46
140 46
157 46
169 46
204 46
231 46
326 46
328 46
333 46
365 46
412 46
434 46
451 46
509 46
586 46
592 46
601 46
636 46
676 46
737 46
740 46
742 46
750 46
826 46
858 46
891 46
932 46
942 46
951 46
960 46
975 46
1006 46
1013 46
1043 46
1091 46
1094 46
1103 46
1122 46
1152 46
1164 46
1196 46
1302 46
1304 46
1314 46
1344 46
1366 46
1411 46
1432 46
1434 46
1485 46
1491 46
1514 46
1554 46
1563 46
1594 46
1608 46
1639 46
1701 46
1706 46
1726 46
1728 46
1754 46
1768 46
1789 46
1830 46
1844 46
1862 46
1874 46
1883 46
1894 46
1962 46
1971 46
2019 46
2037 46
2051 46
2052 46
2067 46
2073 46
2113 46
2127 46
2128 46
2134 46
2165 46
2166 46
2167 46
2200 46
2305 46
2340 46
2344 46
2363 46
2365 46
2393 46
2404 46
2408 46
2415 46
2424 46
2435 46
2448 46
2458 46
2479 46
2522 46
2531 46
2572 46
2578 46
2594 46
2626 46
2629 46
2693 46
2718 46
2727 46
2738 46
2752 46
2754 46
2769 46
2794 46
2808 46
2815 46
2819 46
2838 46
2872 46
2877 46
2883 46
2905 46
2909 46
2920 46
2923 46
2935 46
2959 46
2980 46
3023 46
3032 46
3108 46
3128 46
3143 46
3157 46
3165 46
3211 46
3220 46
3301 46
3346 46
3351 46
3354 46
3360 46
3419 46
3422 46
3424 46
3456 46
3503 46
3504 46
3563 46
3636 46
3668 46
3684 46
3685 46
3726 46
3736 46
3742 46
3757 46
3765 46
3795 46
3805 46
3826 46
3832 46
3835 46
3856 46
3870 46
3871 46
65 47
198 47
202 47
342 47
725 47
747 47
798 47
816 47
1138 47
1154 47
1245 47
1247 47
1346 47
1482 47
1489 47
1612 47
1650 47
1802 47
2093 47
2102 47
2218 47
2244 47
2254 47
2303 47
2318 47
2422 47
2610 47
2747 47
2793 47
3067 47
3073 47
3080 47
3226 47
3606 47
3676 47
3684 47
3705 47
6 48
27 48
31 48
41 48
69 48
78 48
93 48
100 48
109 48
113 48
115 48
180 48
191 48
196 48
205 48
206 48
223 48
250 48
261 48
262 48
264 48
425 48
431 48
453 48
455 48
463 48
561 48
562 48
615 48
629 48
638 48
652 48
670 48
686 48
717 48
815 48
885 48
899 48
904 48
913 48
914 48
940 48
955 48
958 48
980 48
981 48
990 48
1023 48
1047 48
1063 48
1066 48
1080 48
1098 48
1130 48
1167 48
1183 48
1208 48
1222 48
1261 48
1281 48
1354 48
1393 48
1394 48
1402 48
1488 48
1501 48
1517 48
1533 48
1557 48
1607 48
1656 48
1671 48
1676 48
1707 48
1715 48
1717 48
1780 48
1824 48
1839 48
1895 48
1909 48
1914 48
1979 48
1997 48
2014 48
2032 48
2041 48
2062 48
2066 48
2145 48
2191 48
2205 48
2216 48
2291 48
2343 48
2361 48
2370 48
2377 48
2395 48
2465 48
2469 48
2483 48
2619 48
2623 48
2655 48
2657 48
2698 48
2719 48
2721 48
2748 48
2797 48
2806 48
2809 48
2849 48
2859 48
2865 48
2968 48
2978 48
2992 48
3042 48
3055 48
3056 48
3109 48
3134 48
3172 48
3209 48
3268 48
3330 48
3406 48
3415 48
3482 48
3487 48
3498 48
3546 48
3551 48
3582 48
3625 48
3635 48
3685 48
3751 48
3766 48
3785 48
3800 48
3824 48
3848 48
3867 48
3873 48
1 49
48 49
50 49
119 49
177 49
208 49
315 49
326 49
473 49
516 49
596 49
651 49
669 49
689 49
698 49
701 49
703 49
714 49
740 49
825 49
830 49
918 49
940 49
944 49
1038 49
1067 49
1073 49
1081 49
1106 49
1128 49
1188 49
1196 49
1210 49
1229 49
1246 49
1253 49
1261 49
1316 49
1336 49
1407 49
1450 49
1494 49
1522 49
1594 49
1649 49
1672 49
1731 49
1803 49
1827 49
1835 49
1854 49
1863 49
1865 49
1867 49
1890 49
1913 49
1936 49
1938 49
1940 49
1944 49
1960 49
2118 49
2127 49
2172 49
2177 49
2215 49
2289 49
2290 49
2316 49
2337 49
2372 49
2384 49
2438 49
2441 49
2448 49
2485 49
2582 49
2583 49
2585 49
2589 49
2592 49
2643 49
2661 49
2718 49
2719 49
2728 49
2770 49
2771 49
2882 49
2896 49
2899 49
2900 49
2953 49
2957 49
2964 49
3139 49
3152 49
3184 49
3211 49
3214 49
3230 49
3287 49
3300 49
3306 49
3316 49
3372 49
3404 49
3409 49
3422 49
3451 49
3458 49
3476 49
3479 49
3530 49
3580 49
3612 49
3618 49
3633 49
3636 49
3638 49
3642 49
3740 49
3752 49
3762 49
8 50
45 50
295 50
333 50
466 50
499 50
547 50
816 50
836 50
1034 50
1191 50
1218 50
1245 50
1267 50
1281 50
1290 50
1478 50
1590 50
1868 50
1935 50
2140 50
2195 50
2318 50
2570 50
2576 50
3002 50
3384 50
3422 50
3637 50
3734 50
3878 50
